# unix_time, cycles_done, cur_path, paths_total, pending_total, pending_favs, map_size, unique_crashes, unique_hangs, max_depth, execs_per_sec
1569790416, 0, 0, 1, 1, 1, 0.11%, 0, 0, 1, 285.71
1569790421, 0, 0, 45, 45, 1, 0.15%, 0, 0, 2, 938.32
1569790426, 0, 0, 83, 83, 1, 0.18%, 5, 0, 2, 986.94
1569790431, 0, 0, 101, 101, 1, 0.19%, 10, 0, 2, 1025.85
1569790436, 0, 0, 105, 105, 1, 0.19%, 11, 0, 2, 1099.67
1569790441, 0, 0, 111, 111, 1, 0.19%, 13, 0, 2, 1191.46
1569790446, 0, 0, 115, 115, 1, 0.20%, 13, 0, 2, 993.83
1569790451, 0, 0, 116, 116, 1, 0.20%, 14, 0, 2, 977.58
1569790456, 0, 3, 121, 120, 17, 0.20%, 14, 0, 2, 1010.09
1569790466, 0, 5, 121, 119, 17, 0.20%, 14, 0, 2, 1220.56
1569790471, 0, 11, 121, 118, 16, 0.20%, 14, 0, 2, 1252.69
1569790482, 0, 38, 121, 117, 15, 0.20%, 14, 0, 2, 1126.89
1569790487, 0, 38, 122, 118, 15, 0.20%, 14, 0, 3, 1038.13
1569790492, 0, 51, 122, 117, 14, 0.20%, 14, 0, 3, 1102.80
1569790497, 0, 64, 122, 115, 13, 0.20%, 14, 0, 3, 1231.72
1569790507, 0, 65, 122, 114, 13, 0.20%, 14, 0, 3, 975.84
1569790512, 0, 67, 122, 113, 13, 0.20%, 14, 0, 3, 869.73
1569790517, 0, 76, 122, 111, 11, 0.20%, 14, 0, 3, 1088.65
1569790522, 0, 77, 123, 111, 12, 0.20%, 15, 0, 3, 1183.66
1569790532, 0, 77, 131, 119, 12, 0.20%, 16, 0, 3, 1142.63
1569790537, 0, 77, 135, 123, 12, 0.21%, 16, 0, 3, 1066.19
1569790542, 0, 77, 137, 125, 12, 0.21%, 16, 0, 3, 1054.39
1569790553, 0, 77, 138, 126, 12, 0.21%, 16, 0, 3, 1175.90
1569790558, 0, 82, 138, 125, 13, 0.21%, 16, 0, 3, 1169.43
1569790568, 0, 87, 138, 124, 12, 0.21%, 16, 0, 3, 927.37
1569790573, 0, 92, 139, 124, 12, 0.21%, 16, 0, 3, 985.69
1569790578, 0, 93, 139, 123, 11, 0.21%, 16, 0, 3, 1193.38
1569790583, 0, 100, 139, 122, 10, 0.21%, 16, 0, 3, 1159.82
1569790594, 0, 106, 140, 122, 9, 0.21%, 16, 0, 3, 1098.13
1569790604, 0, 112, 141, 122, 8, 0.21%, 16, 0, 3, 1067.68
1569790609, 0, 115, 142, 122, 7, 0.21%, 16, 0, 3, 1128.70
1569790614, 0, 122, 143, 122, 7, 0.21%, 17, 0, 3, 1180.76
1569790619, 0, 123, 143, 121, 6, 0.21%, 17, 0, 3, 1139.73
1569790634, 0, 126, 143, 120, 5, 0.21%, 17, 0, 3, 997.54
1569790645, 0, 138, 143, 119, 4, 0.21%, 17, 0, 3, 1109.67
1569790650, 1, 54, 143, 117, 2, 0.21%, 18, 0, 3, 1183.51
1569790655, 1, 61, 143, 116, 1, 0.21%, 18, 0, 3, 1000.25
1569790660, 1, 63, 143, 115, 0, 0.21%, 18, 0, 3, 1021.40
1569790670, 1, 66, 144, 115, 0, 0.21%, 18, 0, 3, 986.55
1569790686, 1, 71, 144, 114, 0, 0.21%, 18, 0, 3, 1034.18
1569790696, 1, 74, 144, 113, 0, 0.21%, 18, 0, 3, 1066.85
1569790701, 1, 75, 144, 112, 0, 0.21%, 18, 0, 3, 1099.54
1569790711, 1, 80, 144, 111, 0, 0.21%, 18, 0, 3, 1051.45
1569790716, 1, 85, 144, 110, 0, 0.21%, 18, 0, 3, 1097.61
1569790726, 1, 88, 144, 109, 0, 0.21%, 18, 0, 3, 1077.03
1569790736, 1, 88, 146, 111, 0, 0.21%, 18, 0, 3, 1123.31
1569790741, 1, 90, 146, 110, 0, 0.21%, 18, 0, 3, 1010.80
1569790746, 1, 94, 146, 109, 0, 0.21%, 18, 0, 3, 930.73
1569790767, 1, 96, 146, 108, 0, 0.21%, 18, 0, 3, 1128.82
1569790782, 1, 97, 146, 107, 0, 0.21%, 18, 0, 3, 1056.58
1569792371, 1, 97, 155, 116, 0, 0.21%, 18, 0, 3, 1045.97
1569792376, 1, 97, 157, 118, 0, 0.21%, 18, 0, 3, 1015.90
1569792382, 1, 97, 158, 119, 0, 0.21%, 18, 0, 3, 907.84
1569792387, 1, 97, 162, 123, 0, 0.21%, 18, 0, 3, 880.46
1569792392, 1, 99, 164, 124, 0, 0.21%, 18, 0, 3, 882.49
1569792397, 1, 99, 164, 124, 0, 0.21%, 19, 0, 3, 1048.88
1569792412, 1, 104, 165, 123, 0, 0.21%, 19, 0, 3, 1143.41
1569792422, 1, 110, 165, 122, 0, 0.21%, 19, 0, 3, 996.59
1569792427, 1, 111, 165, 121, 0, 0.21%, 19, 0, 3, 1023.46
1569792443, 1, 113, 165, 120, 0, 0.21%, 19, 0, 3, 895.68
1569792453, 1, 114, 166, 120, 0, 0.21%, 19, 0, 3, 1147.56
1569792468, 1, 119, 166, 119, 0, 0.21%, 19, 0, 3, 1119.62
1569792493, 1, 128, 169, 121, 0, 0.21%, 20, 0, 4, 1114.11
1569792514, 1, 130, 169, 120, 0, 0.21%, 20, 0, 4, 1071.34
1569792549, 1, 130, 174, 125, 0, 0.21%, 20, 0, 4, 932.18
1569792554, 1, 130, 175, 126, 0, 0.21%, 20, 0, 4, 909.64
1569792559, 1, 130, 177, 128, 0, 0.21%, 20, 0, 4, 857.50
1569792574, 1, 130, 177, 128, 0, 0.21%, 21, 0, 4, 535.94
1569792585, 1, 130, 178, 129, 0, 0.21%, 21, 0, 4, 854.64
1569792590, 1, 135, 179, 129, 0, 0.21%, 21, 0, 4, 909.93
1569792630, 1, 145, 179, 128, 0, 0.21%, 21, 0, 4, 724.56
